0.00100000000000000002 0
0.00200000000000000004 0
0.00300000000000000006 0
0.00400000000000000008 0
0.0050000000000000001 0
0.00600000000000000012 0
0.00700000000000000015 0
0.00800000000000000017 0
0.00900000000000000105 0
0.0100000000000000019 0
0.0109999999999999994 0
0.0120000000000000002 0
0.0130000000000000011 0
0.014000000000000002 0
0.0149999999999999994 0
0.0160000000000000003 0
0.0170000000000000012 0
0.0180000000000000021 0
0.019000000000000003 0
0.0200000000000000004 0
0.0210000000000000013 0
0.0220000000000000022 0
0.0229999999999999996 0
0.0240000000000000005 0
0.0250000000000000014 0
0.0260000000000000023 0.00100000000000000002
0.0270000000000000032 0
0.0280000000000000006 0.00050000000000000001
0.0290000000000000015 0
0.0300000000000000024 0.00050000000000000001
0.0309999999999999998 0.00250000000000000005
0.0320000000000000007 0.00250000000000000005
0.0330000000000000016 0.0064999999999999997
0.0340000000000000024 0.0050000000000000001
0.0350000000000000033 0.0100000000000000002
0.0360000000000000042 0.0175000000000000017
0.0370000000000000051 0.0165000000000000008
0.0379999999999999991 0.0290000000000000015
0.0389999999999999999 0.0320000000000000007
0.0400000000000000008 0.0524999999999999981
0.0410000000000000017 0.0534999999999999989
0.0420000000000000026 0.0655000000000000027
0.0430000000000000035 0.0754999999999999977
0.0440000000000000044 0.0830000000000000043
0.0449999999999999983 0.113000000000000003
0.0459999999999999992 0.115000000000000005
0.0470000000000000001 0.134500000000000008
0.048000000000000001 0.142499999999999988
0.0490000000000000019 0.14449999999999999
0.0500000000000000028 0.154499999999999998
0.0510000000000000037 0.159000000000000002
0.0520000000000000046 0.154499999999999998
0.0530000000000000054 0.152499999999999997
0.0539999999999999994 0.160500000000000004
0.0550000000000000003 0.146499999999999991
0.0560000000000000012 0.14549999999999999
0.0570000000000000021 0.141499999999999987
0.0580000000000000029 0.140999999999999986
0.0590000000000000038 0.118499999999999994
0.0600000000000000047 0.101500000000000007
0.0609999999999999987 0.100000000000000006
0.0619999999999999996 0.0970000000000000029
0.0630000000000000004 0.0700000000000000067
0.0640000000000000013 0.0709999999999999937
0.0650000000000000022 0.0604999999999999982
0.0660000000000000031 0.0539999999999999994
0.067000000000000004 0.0544999999999999998
0.0680000000000000049 0.0514999999999999972
0.0690000000000000058 0.0389999999999999999
0.0700000000000000067 0.0290000000000000015
0.0710000000000000075 0.0259999999999999988
0.0720000000000000084 0.0224999999999999992
0.0730000000000000093 0.0195
0.0739999999999999963 0.0154999999999999999
0.0749999999999999972 0.0105000000000000007
0.0759999999999999981 0.0100000000000000002
0.076999999999999999 0.00800000000000000017
0.0779999999999999999 0.00600000000000000012
0.0790000000000000008 0.0050000000000000001
0.0800000000000000017 0.00449999999999999966
0.0810000000000000026 0.00300000000000000006
0.0820000000000000034 0.00350000000000000007
0.0830000000000000043 0.00200000000000000004
0.0840000000000000052 0.00150000000000000003
0.0850000000000000061 0.00150000000000000003
0.086000000000000007 0.00050000000000000001
0.0870000000000000079 0.00050000000000000001
0.0880000000000000088 0.00100000000000000002
0.0889999999999999958 0.00100000000000000002
0.0899999999999999967 0.00050000000000000001
0.0909999999999999976 0
0.0919999999999999984 0
0.0929999999999999993 0
0.0940000000000000002 0.00050000000000000001
0.0950000000000000011 0.00050000000000000001
0.096000000000000002 0
0.0970000000000000029 0
0.0980000000000000038 0
0.0990000000000000047 0
0.100000000000000006 0
