0.0114000000000000004 0
0.012199999999999999 0.00100000000000000002
0.0129999999999999977 0.00100000000000000002
0.0137999999999999998 0
0.0145999999999999984 0.00100000000000000002
0.0154000000000000005 0.00100000000000000002
0.0161999999999999991 0.00250000000000000005
0.0170000000000000012 0.00150000000000000003
0.0177999999999999999 0.00300000000000000006
0.0185999999999999985 0.00100000000000000002
0.0194000000000000006 0.00549999999999999968
0.0201999999999999992 0.00549999999999999968
0.0209999999999999978 0.00749999999999999972
0.0217999999999999999 0.0114999999999999998
0.0225999999999999986 0.0160000000000000003
0.0233999999999999972 0.0184999999999999991
0.0241999999999999993 0.0154999999999999999
0.0249999999999999979 0.0264999999999999993
0.0258 0.0254999999999999984
0.0265999999999999986 0.0415000000000000022
0.0273999999999999973 0.0425000000000000031
0.0281999999999999994 0.0475000000000000006
0.028999999999999998 0.0625
0.0298000000000000001 0.067000000000000004
0.0305999999999999987 0.0840000000000000052
0.0313999999999999974 0.0810000000000000026
0.0321999999999999995 0.100500000000000006
0.0330000000000000016 0.110500000000000001
0.0337999999999999967 0.115000000000000005
0.0345999999999999988 0.111000000000000001
0.0354000000000000009 0.138000000000000012
0.0361999999999999961 0.133500000000000008
0.0369999999999999982 0.137500000000000011
0.0378000000000000003 0.140999999999999986
0.0385999999999999954 0.150999999999999995
0.0393999999999999975 0.138500000000000012
0.0401999999999999996 0.143499999999999989
0.0409999999999999948 0.142499999999999988
0.0417999999999999969 0.133000000000000007
0.042599999999999999 0.131000000000000005
0.0433999999999999941 0.1245
0.0441999999999999962 0.128500000000000003
0.0449999999999999983 0.104499999999999996
0.0457999999999999935 0.105999999999999997
0.0465999999999999956 0.0934999999999999998
0.0473999999999999977 0.0874999999999999944
0.0481999999999999998 0.0874999999999999944
0.0489999999999999949 0.091499999999999998
0.049799999999999997 0.0645000000000000018
0.0505999999999999991 0.0630000000000000004
0.0513999999999999943 0.0609999999999999987
0.0521999999999999964 0.0539999999999999994
0.0529999999999999985 0.0539999999999999994
0.0537999999999999937 0.0379999999999999991
0.0545999999999999958 0.0359999999999999973
0.0553999999999999979 0.0309999999999999998
0.056199999999999993 0.0294999999999999984
0.0569999999999999951 0.0290000000000000015
0.0577999999999999972 0.0210000000000000013
0.0585999999999999993 0.0184999999999999991
0.0593999999999999945 0.0195
0.0601999999999999966 0.0175000000000000017
0.0609999999999999987 0.0160000000000000003
0.0617999999999999938 0.0160000000000000003
0.062599999999999989 0.0050000000000000001
0.063399999999999998 0.00800000000000000017
0.0641999999999999932 0.00850000000000000061
0.0650000000000000022 0.0064999999999999997
0.0657999999999999974 0.00549999999999999968
0.0665999999999999925 0.0064999999999999997
0.0674000000000000016 0.00449999999999999966
0.0681999999999999967 0.00200000000000000004
0.0689999999999999919 0.00050000000000000001
0.0698000000000000009 0.00400000000000000008
0.0705999999999999961 0.00250000000000000005
0.0713999999999999913 0.00250000000000000005
0.0722000000000000003 0.00200000000000000004
0.0729999999999999954 0.00050000000000000001
0.0737999999999999906 0.00100000000000000002
0.0745999999999999996 0.00100000000000000002
0.0753999999999999948 0.00050000000000000001
0.07619999999999999 0
0.076999999999999999 0.00050000000000000001
0.0777999999999999942 0.00050000000000000001
0.0785999999999999893 0.00050000000000000001
