0.000100000000000000005 0.00700000000000000015
0.000699999999999999993 0.00710000000000000041
0.00129999999999999994 0.00640000000000000031
0.0019 0.00749999999999999972
0.00249999999999999962 0.00689999999999999988
0.00309999999999999946 0.00860000000000000001
0.00369999999999999973 0.0105000000000000007
0.0043 0.0117000000000000003
0.00489999999999999984 0.0135999999999999992
0.00549999999999999968 0.0131999999999999999
0.00609999999999999952 0.0146999999999999995
0.00669999999999999936 0.0194000000000000006
0.00730000000000000007 0.0189999999999999995
0.00789999999999999904 0.0223999999999999998
0.00849999999999999888 0.0234000000000000007
0.00909999999999999871 0.0227000000000000014
0.00969999999999999855 0.0282999999999999988
0.0102999999999999984 0.0303000000000000005
0.0108999999999999982 0.0335999999999999979
0.0114999999999999981 0.0350000000000000033
0.0120999999999999979 0.0376999999999999974
0.0126999999999999977 0.0364000000000000018
0.0132999999999999976 0.0456999999999999976
0.0138999999999999974 0.0466000000000000025
0.014499999999999999 0.0471999999999999989
0.0150999999999999988 0.0531000000000000014
0.0156999999999999987 0.0539000000000000035
0.0162999999999999985 0.0572000000000000008
0.0168999999999999984 0.0648999999999999994
0.0174999999999999982 0.072400000000000006
0.018099999999999998 0.0699000000000000038
0.0186999999999999979 0.0719999999999999946
0.0192999999999999977 0.073300000000000004
0.0198999999999999976 0.0738000000000000045
0.0204999999999999974 0.0811000000000000054
0.0210999999999999972 0.0825000000000000039
0.0216999999999999971 0.080600000000000005
0.0222999999999999969 0.0858000000000000013
0.0228999999999999967 0.0943999999999999978
0.0234999999999999966 0.0938999999999999974
0.0240999999999999964 0.0850000000000000061
0.0246999999999999963 0.0932000000000000051
0.0252999999999999961 0.0946000000000000035
0.0258999999999999959 0.0918000000000000066
0.0264999999999999958 0.0913999999999999951
0.0270999999999999956 0.0992999999999999994
0.0276999999999999955 0.0906
0.0282999999999999953 0.0899999999999999967
0.0288999999999999986 0.0984000000000000014
0.0294999999999999984 0.0924999999999999989
0.0300999999999999983 0.0903000000000000053
0.0306999999999999981 0.0840999999999999942
0.0313000000000000014 0.0800000000000000017
0.0318999999999999978 0.0825000000000000039
0.0325000000000000011 0.0810000000000000026
0.0330999999999999975 0.0767000000000000043
0.0337000000000000008 0.0776000000000000023
0.0342999999999999972 0.0699000000000000038
0.0349000000000000005 0.0671000000000000069
0.0354999999999999968 0.0643999999999999989
0.0361000000000000001 0.0635000000000000009
0.0366999999999999965 0.0630000000000000004
0.0372999999999999998 0.0626000000000000029
0.0378999999999999962 0.0585000000000000034
0.0384999999999999995 0.0580999999999999989
0.0391000000000000028 0.054300000000000001
0.0396999999999999992 0.0490000000000000019
0.0403000000000000025 0.0434000000000000011
0.0408999999999999989 0.0459000000000000033
0.0415000000000000022 0.0391999999999999987
0.0420999999999999985 0.0439000000000000015
0.0427000000000000018 0.0393999999999999975
0.0432999999999999982 0.037199999999999997
0.0439000000000000015 0.0357999999999999985
0.0444999999999999979 0.0342999999999999972
0.0451000000000000012 0.032599999999999997
0.0456999999999999976 0.0309999999999999998
0.0463000000000000009 0.0303999999999999999
0.0468999999999999972 0.0281
0.0475000000000000006 0.0296000000000000013
0.0480999999999999969 0.0280000000000000006
0.0487000000000000002 0.0235999999999999995
0.0492999999999999966 0.022200000000000001
0.0498999999999999999 0.0193000000000000012
0.0504999999999999963 0.0212000000000000001
0.0510999999999999996 0.020799999999999999
0.051699999999999996 0.0218999999999999993
0.0522999999999999993 0.0183000000000000003
0.0528999999999999956 0.0177000000000000005
0.0534999999999999989 0.0149999999999999994
0.0540999999999999953 0.0171000000000000006
0.0546999999999999986 0.0158000000000000015
0.055299999999999995 0.0148000000000000007
0.0558999999999999983 0.0115999999999999992
0.0564999999999999947 0.0120000000000000002
0.057099999999999998 0.0142000000000000008
0.0577000000000000013 0.0106999999999999994
0.0582999999999999977 0.0120000000000000002
0.058900000000000001 0.0137999999999999998
0.0594999999999999973 0.0114999999999999998
0.0601000000000000006 0.00919999999999999984
