0.000100000000000000005 0.00666666666666666709
0.000600000000000000056 0.00933333333333333411
0.00110000000000000007 0.0116666666666666672
0.00160000000000000008 0.0129999999999999994
0.00209999999999999987 0.0136666666666666672
0.00259999999999999988 0.0116666666666666672
0.00309999999999999989 0.0133333333333333342
0.0035999999999999999 0.0173333333333333325
0.00410000000000000035 0.0149999999999999994
0.00460000000000000079 0.0213333333333333326
0.00510000000000000037 0.0200000000000000004
0.00559999999999999994 0.0276666666666666658
0.00610000000000000039 0.0290000000000000015
0.00660000000000000083 0.0280000000000000006
0.00710000000000000041 0.0283333333333333319
0.00759999999999999998 0.0353333333333333346
0.00809999999999999956 0.0406666666666666635
0.00860000000000000001 0.0433333333333333348
0.00910000000000000045 0.0400000000000000008
0.00959999999999999916 0.0486666666666666636
0.0100999999999999996 0.0423333333333333339
0.0106 0.0560000000000000012
0.0110999999999999988 0.0573333333333333334
0.0115999999999999992 0.0630000000000000004
0.0120999999999999996 0.0700000000000000067
0.0126000000000000001 0.067000000000000004
0.0131000000000000005 0.0759999999999999981
0.0135999999999999992 0.0833333333333333287
0.0140999999999999997 0.0856666666666666687
0.0146000000000000001 0.0963333333333333403
0.0150999999999999988 0.105999999999999997
0.0155999999999999993 0.0996666666666666673
0.0160999999999999997 0.112000000000000002
0.0166000000000000002 0.117000000000000007
0.0171000000000000006 0.128333333333333327
0.0176000000000000011 0.11633333333333333
0.0181000000000000015 0.130666666666666653
0.0185999999999999985 0.130333333333333329
0.0190999999999999989 0.12966666666666668
0.0195999999999999994 0.125333333333333324
0.0200999999999999998 0.14499999999999999
0.0206000000000000003 0.140666666666666662
0.0211000000000000007 0.156333333333333324
0.0216000000000000011 0.144666666666666666
0.0220999999999999981 0.143666666666666665
0.0225999999999999986 0.138333333333333336
0.023099999999999999 0.141666666666666663
0.0235999999999999995 0.14333333333333334
0.0240999999999999999 0.13866666666666666
0.0246000000000000003 0.139000000000000012
0.0251000000000000008 0.130000000000000004
0.0256000000000000012 0.132666666666666655
0.0261000000000000017 0.112666666666666665
0.0265999999999999986 0.121999999999999997
0.0270999999999999991 0.115000000000000005
0.0275999999999999995 0.112000000000000002
0.0281 0.104666666666666672
0.0286000000000000004 0.093666666666666662
0.0291000000000000009 0.0896666666666666723
0.0296000000000000013 0.0759999999999999981
0.0300999999999999983 0.0739999999999999963
0.0305999999999999987 0.0743333333333333346
0.0310999999999999992 0.0630000000000000004
0.0316000000000000031 0.0656666666666666649
0.0321000000000000035 0.0673333333333333284
0.032600000000000004 0.0550000000000000003
0.0331000000000000044 0.0666666666666666657
0.0336000000000000049 0.0470000000000000001
0.0341000000000000053 0.0439999999999999974
0.0346000000000000058 0.041333333333333333
0.0351000000000000062 0.035666666666666666
0.0356000000000000066 0.035666666666666666
0.0361000000000000071 0.0320000000000000007
0.0366000000000000006 0.0256666666666666675
0.037100000000000001 0.0219999999999999987
0.0376000000000000015 0.0263333333333333336
0.0381000000000000019 0.0236666666666666657
0.0386000000000000024 0.0206666666666666665
0.0391000000000000028 0.0129999999999999994
0.0396000000000000033 0.0103333333333333333
0.0401000000000000037 0.0160000000000000003
0.0406000000000000041 0.0116666666666666672
0.0411000000000000046 0.0109999999999999994
0.041600000000000005 0.00833333333333333322
0.0421000000000000055 0.00833333333333333322
0.0426000000000000059 0.00633333333333333318
0.0431000000000000064 0.00433333333333333313
0.0436000000000000068 0.00466666666666666705
0.0441000000000000003 0.00600000000000000012
0.0446000000000000008 0.0050000000000000001
0.0451000000000000012 0.00300000000000000006
0.0456000000000000016 0.00266666666666666658
0.0461000000000000021 0.0036666666666666666
0.0466000000000000025 0.00300000000000000006
0.047100000000000003 0.00266666666666666658
0.0476000000000000034 0.00133333333333333329
0.0481000000000000039 0.000666666666666666644
0.0486000000000000043 0.000333333333333333322
0.0491000000000000048 0.00333333333333333355
0.0496000000000000052 0.00133333333333333329
0.0501000000000000056 0.000333333333333333322
