0.00100000000000000002 0
0.00300000000000000006 0
0.0050000000000000001 0
0.00700000000000000015 0
0.00900000000000000105 0
0.0109999999999999994 0
0.0130000000000000011 0
0.0149999999999999994 0
0.0170000000000000012 0
0.019000000000000003 0
0.0210000000000000013 0
0.0229999999999999996 0
0.0250000000000000014 0
0.0270000000000000032 0
0.0290000000000000015 0
0.0309999999999999998 0
0.0330000000000000016 0
0.0350000000000000033 0
0.0370000000000000051 0
0.0389999999999999999 0
0.0410000000000000017 0
0.0430000000000000035 0
0.0449999999999999983 0
0.0470000000000000001 0
0.0490000000000000019 0
0.0510000000000000037 0
0.0530000000000000054 0
0.0550000000000000003 0
0.0570000000000000021 0
0.0590000000000000038 0.00050000000000000001
0.0609999999999999987 0.00100000000000000002
0.0630000000000000004 0.00200000000000000004
0.0650000000000000022 0.00400000000000000008
0.067000000000000004 0.00449999999999999966
0.0690000000000000058 0.0100000000000000002
0.0710000000000000075 0.0120000000000000002
0.0730000000000000093 0.0125000000000000007
0.0749999999999999972 0.0280000000000000006
0.076999999999999999 0.0290000000000000015
0.0790000000000000008 0.0364999999999999977
0.0810000000000000026 0.0550000000000000003
0.0830000000000000043 0.0695000000000000062
0.0850000000000000061 0.0800000000000000017
0.0870000000000000079 0.0845000000000000057
0.0889999999999999958 0.110500000000000001
0.0909999999999999976 0.127000000000000002
0.0929999999999999993 0.13600000000000001
0.0950000000000000011 0.141999999999999987
0.0970000000000000029 0.171999999999999986
0.0990000000000000047 0.170500000000000013
0.101000000000000006 0.192000000000000004
0.103000000000000008 0.199500000000000011
0.10500000000000001 0.19900000000000001
0.106999999999999998 0.2185
0.109 0.217999999999999999
0.111000000000000001 0.219500000000000001
0.113000000000000003 0.208499999999999991
0.115000000000000005 0.199500000000000011
0.117000000000000007 0.216999999999999998
0.119000000000000009 0.179499999999999993
0.120999999999999996 0.191000000000000003
0.122999999999999998 0.193000000000000005
0.125 0.170500000000000013
0.127000000000000002 0.173999999999999988
0.129000000000000004 0.156
0.131000000000000005 0.169000000000000011
0.133000000000000007 0.157500000000000001
0.135000000000000009 0.157000000000000001
0.137000000000000011 0.150499999999999995
0.139000000000000012 0.126500000000000001
0.141000000000000014 0.127500000000000002
0.143000000000000016 0.117499999999999993
0.145000000000000018 0.121999999999999997
0.146999999999999992 0.103499999999999995
0.148999999999999994 0.105499999999999997
0.150999999999999995 0.0919999999999999984
0.152999999999999997 0.086999999999999994
0.154999999999999999 0.0800000000000000017
0.157000000000000001 0.0774999999999999994
0.159000000000000002 0.0729999999999999954
0.161000000000000004 0.0640000000000000013
0.163000000000000006 0.0685000000000000053
0.165000000000000008 0.0444999999999999979
0.16700000000000001 0.048000000000000001
0.169000000000000011 0.0475000000000000006
0.171000000000000013 0.0429999999999999966
0.173000000000000015 0.043499999999999997
0.175000000000000017 0.0330000000000000016
0.176999999999999991 0.0400000000000000008
0.178999999999999992 0.0299999999999999989
0.180999999999999994 0.0294999999999999984
0.182999999999999996 0.0269999999999999997
0.184999999999999998 0.0224999999999999992
0.187 0.0259999999999999988
0.189000000000000001 0.0214999999999999983
0.191000000000000003 0.0189999999999999995
0.193000000000000005 0.0210000000000000013
0.195000000000000007 0.0200000000000000004
0.197000000000000008 0.0145000000000000007
0.19900000000000001 0.0149999999999999994
0.201000000000000012 0.0125000000000000007
