0.00100000000000000002 0.00259999999999999988
0.00159999999999999986 0.00379999999999999999
0.0021999999999999997 0.0035999999999999999
0.00279999999999999954 0.00459999999999999992
0.00339999999999999938 0.00519999999999999976
0.00399999999999999922 0.00679999999999999962
0.00459999999999999905 0.00559999999999999994
0.00519999999999999889 0.0050000000000000001
0.00579999999999999873 0.00519999999999999976
0.00639999999999999857 0.00559999999999999994
0.00699999999999999841 0.00880000000000000053
0.00759999999999999825 0.00800000000000000017
0.00819999999999999896 0.0108000000000000006
0.0087999999999999988 0.0114000000000000004
0.00939999999999999863 0.0122000000000000008
0.00999999999999999847 0.0123999999999999996
0.0105999999999999983 0.0177999999999999999
0.0111999999999999982 0.0148000000000000007
0.011799999999999998 0.0155999999999999993
0.0123999999999999978 0.0182000000000000009
0.0129999999999999977 0.0217999999999999999
0.0135999999999999975 0.0201999999999999992
0.0141999999999999973 0.0281999999999999994
0.0147999999999999972 0.0277999999999999983
0.015399999999999997 0.0284000000000000016
0.0159999999999999969 0.0277999999999999983
0.0165999999999999967 0.0378000000000000003
0.0171999999999999965 0.0340000000000000024
0.0177999999999999964 0.0369999999999999982
0.0183999999999999962 0.0466000000000000025
0.0189999999999999961 0.0451999999999999971
0.0195999999999999959 0.0519999999999999976
0.0201999999999999957 0.0490000000000000019
0.0207999999999999956 0.0493999999999999995
0.0213999999999999954 0.0546000000000000027
0.0219999999999999953 0.063399999999999998
0.0225999999999999951 0.0596000000000000002
0.0231999999999999949 0.0666000000000000064
0.0237999999999999948 0.0680000000000000049
0.0243999999999999946 0.075200000000000003
0.0249999999999999944 0.0767999999999999933
0.0255999999999999943 0.0772000000000000047
0.0261999999999999941 0.0776000000000000023
0.026799999999999994 0.0820000000000000034
0.0273999999999999938 0.0885999999999999982
0.0279999999999999936 0.087800000000000003
0.0285999999999999935 0.0773999999999999966
0.0291999999999999933 0.0841999999999999971
0.0297999999999999932 0.086999999999999994
0.030399999999999993 0.0858000000000000013
0.0309999999999999928 0.0865999999999999964
0.0315999999999999892 0.0908000000000000057
0.0321999999999999925 0.0844000000000000028
0.0327999999999999958 0.0865999999999999964
0.0333999999999999922 0.0801999999999999935
0.0339999999999999886 0.0912000000000000033
0.0345999999999999919 0.0865999999999999964
0.0351999999999999952 0.0782000000000000056
0.0357999999999999916 0.078799999999999995
0.0363999999999999879 0.0831999999999999962
0.0369999999999999912 0.0732000000000000012
0.0375999999999999945 0.0767999999999999933
0.0381999999999999909 0.0749999999999999972
0.0387999999999999873 0.0704000000000000042
0.0393999999999999906 0.0738000000000000045
0.0399999999999999939 0.0684000000000000025
0.0405999999999999903 0.066199999999999995
0.0411999999999999866 0.0627999999999999947
0.0417999999999999899 0.0664000000000000007
0.0423999999999999932 0.0618000000000000008
0.0429999999999999896 0.0601999999999999966
0.043599999999999986 0.0541999999999999982
0.0441999999999999893 0.0538000000000000006
0.0447999999999999926 0.0531999999999999973
0.045399999999999989 0.0512000000000000025
0.0459999999999999853 0.0470000000000000001
0.0465999999999999887 0.0488000000000000031
0.047199999999999992 0.042599999999999999
0.0477999999999999883 0.0429999999999999966
0.0483999999999999847 0.0388000000000000012
0.048999999999999988 0.036200000000000003
0.0495999999999999913 0.0359999999999999973
0.0501999999999999877 0.0342000000000000012
0.0507999999999999841 0.032599999999999997
0.0513999999999999874 0.0318000000000000019
0.0519999999999999907 0.0296000000000000013
0.052599999999999987 0.0259999999999999988
0.0531999999999999834 0.0258
0.0537999999999999867 0.0231999999999999984
0.05439999999999999 0.0256000000000000012
0.0549999999999999864 0.0240000000000000005
0.0555999999999999828 0.0234000000000000007
0.0561999999999999861 0.0198000000000000016
0.0567999999999999894 0.0210000000000000013
0.0573999999999999858 0.0210000000000000013
0.0579999999999999821 0.0189999999999999995
0.0585999999999999854 0.0173999999999999988
0.0591999999999999887 0.0195999999999999994
0.0597999999999999851 0.0164000000000000014
0.0603999999999999815 0.0158000000000000015
