0.00100000000000000002 0
0.00250000000000000005 0
0.00400000000000000008 0
0.00550000000000000055 0
0.00700000000000000015 0
0.00850000000000000061 0
0.0100000000000000019 0
0.0114999999999999998 0
0.0130000000000000011 0
0.014499999999999999 0
0.0160000000000000003 0
0.0175000000000000017 0
0.019000000000000003 0
0.0205000000000000009 0
0.0220000000000000022 0
0.0235000000000000001 0
0.0250000000000000014 0
0.0265000000000000027 0
0.0280000000000000006 0.00050000000000000001
0.0295000000000000019 0.00050000000000000001
0.0309999999999999998 0.00050000000000000001
0.0325000000000000011 0
0.0340000000000000024 0.00150000000000000003
0.0355000000000000038 0.00100000000000000002
0.0370000000000000051 0.00350000000000000007
0.0384999999999999995 0.00600000000000000012
0.0400000000000000008 0.00400000000000000008
0.0415000000000000022 0.00800000000000000017
0.0430000000000000035 0.00899999999999999932
0.0445000000000000048 0.0109999999999999994
0.0459999999999999992 0.0160000000000000003
0.0475000000000000006 0.0210000000000000013
0.0490000000000000019 0.0280000000000000006
0.0505000000000000032 0.0330000000000000016
0.0520000000000000046 0.0490000000000000019
0.0534999999999999989 0.0609999999999999987
0.0550000000000000003 0.0660000000000000031
0.0565000000000000016 0.0734999999999999959
0.0580000000000000029 0.0889999999999999958
0.0595000000000000043 0.096000000000000002
0.0609999999999999987 0.110500000000000001
0.0625 0.120499999999999996
0.0640000000000000013 0.118499999999999994
0.0655000000000000027 0.14549999999999999
0.067000000000000004 0.141999999999999987
0.0685000000000000053 0.145999999999999991
0.0700000000000000067 0.149499999999999994
0.071500000000000008 0.149999999999999994
0.0730000000000000093 0.160000000000000003
0.0744999999999999968 0.163000000000000006
0.0759999999999999981 0.173499999999999988
0.0774999999999999994 0.161000000000000004
0.0790000000000000008 0.170500000000000013
0.0805000000000000021 0.166500000000000009
0.0820000000000000034 0.160500000000000004
0.0835000000000000048 0.165500000000000008
0.0850000000000000061 0.161500000000000005
0.0865000000000000074 0.131000000000000005
0.0880000000000000088 0.140000000000000013
0.0894999999999999962 0.14449999999999999
0.0909999999999999976 0.146999999999999992
0.0924999999999999989 0.137000000000000011
0.0940000000000000002 0.123999999999999999
0.0955000000000000016 0.111500000000000002
0.0970000000000000029 0.115500000000000005
0.0985000000000000042 0.112000000000000002
0.100000000000000006 0.105999999999999997
0.101500000000000007 0.0970000000000000029
0.103000000000000008 0.0859999999999999931
0.10450000000000001 0.0864999999999999936
0.105999999999999997 0.0884999999999999953
0.107499999999999998 0.0630000000000000004
0.109 0.0625
0.110500000000000001 0.0665000000000000036
0.112000000000000002 0.0665000000000000036
0.113500000000000004 0.067000000000000004
0.115000000000000005 0.0505000000000000032
0.116500000000000006 0.0519999999999999976
0.118000000000000008 0.0475000000000000006
0.119500000000000009 0.0509999999999999967
0.120999999999999996 0.0485000000000000014
0.122499999999999998 0.0539999999999999994
0.123999999999999999 0.0459999999999999992
0.1255 0.0405000000000000013
0.127000000000000002 0.0374999999999999986
0.128500000000000003 0.0384999999999999995
0.130000000000000004 0.0359999999999999973
0.131500000000000006 0.0275000000000000001
0.133000000000000007 0.0325000000000000011
0.134500000000000008 0.0354999999999999968
0.13600000000000001 0.028500000000000001
0.137500000000000011 0.0189999999999999995
0.139000000000000012 0.0235000000000000001
0.140500000000000014 0.0250000000000000014
0.142000000000000015 0.0149999999999999994
0.143500000000000016 0.0170000000000000012
0.145000000000000018 0.0229999999999999996
0.146499999999999991 0.0250000000000000014
0.147999999999999993 0.0114999999999999998
0.149499999999999994 0.0105000000000000007
0.150999999999999995 0.0160000000000000003
