0.00100000000000000002 0.00899999999999999932
0.00139999999999999999 0.00679999999999999962
0.00179999999999999995 0.0102000000000000007
0.0021999999999999997 0.0102000000000000007
0.00259999999999999988 0.0106
0.00300000000000000006 0.0137999999999999998
0.00339999999999999981 0.0131999999999999999
0.00379999999999999956 0.0134000000000000005
0.00419999999999999974 0.0149999999999999994
0.00459999999999999992 0.0200000000000000004
0.0050000000000000001 0.0194000000000000006
0.00539999999999999942 0.0191999999999999983
0.0057999999999999996 0.0240000000000000005
0.00619999999999999978 0.025399999999999999
0.0065999999999999991 0.0268000000000000009
0.00699999999999999928 0.0244000000000000015
0.00739999999999999946 0.0265999999999999986
0.00779999999999999964 0.0277999999999999983
0.00819999999999999896 0.0263999999999999999
0.00860000000000000001 0.0332000000000000003
0.00900000000000000105 0.0344
0.00939999999999999863 0.0381999999999999978
0.00979999999999999968 0.0400000000000000008
0.0102000000000000007 0.0427999999999999978
0.0105999999999999983 0.0456000000000000016
0.0109999999999999994 0.0410000000000000017
0.0114000000000000004 0.0439999999999999974
0.011799999999999998 0.0478000000000000022
0.012199999999999999 0.0512000000000000025
0.0126000000000000001 0.0538000000000000006
0.0129999999999999977 0.0536000000000000018
0.0133999999999999987 0.0621999999999999983
0.0137999999999999998 0.0575999999999999984
0.0141999999999999973 0.054399999999999997
0.0145999999999999984 0.0664000000000000007
0.0149999999999999994 0.0627999999999999947
0.0154000000000000005 0.0587999999999999981
0.0157999999999999981 0.0637999999999999956
0.0161999999999999991 0.0592000000000000026
0.0166000000000000002 0.0577999999999999972
0.0170000000000000012 0.0636000000000000038
0.0173999999999999988 0.0675999999999999934
0.0177999999999999999 0.0623999999999999971
0.0182000000000000009 0.0584000000000000005
0.0185999999999999985 0.0594000000000000014
0.0189999999999999995 0.0623999999999999971
0.0194000000000000006 0.0596000000000000002
0.0197999999999999982 0.0594000000000000014
0.0201999999999999992 0.0623999999999999971
0.0206000000000000003 0.0601999999999999966
0.0209999999999999978 0.054399999999999997
0.0213999999999999989 0.0601999999999999966
0.0217999999999999999 0.0558000000000000024
0.0221999999999999975 0.0495999999999999983
0.0225999999999999986 0.044400000000000002
0.0229999999999999996 0.0424000000000000002
0.0233999999999999972 0.0473999999999999977
0.0237999999999999982 0.0427999999999999978
0.0241999999999999993 0.0354000000000000009
0.0246000000000000003 0.032599999999999997
0.0249999999999999979 0.0364000000000000018
0.025399999999999999 0.032599999999999997
0.0258 0.0286000000000000004
0.0261999999999999976 0.0252000000000000002
0.0265999999999999986 0.0284000000000000016
0.0269999999999999997 0.0250000000000000014
0.0273999999999999973 0.0235999999999999995
0.0277999999999999983 0.0188000000000000007
0.0281999999999999994 0.020799999999999999
0.028599999999999997 0.0161999999999999991
0.028999999999999998 0.0155999999999999993
0.0293999999999999991 0.0128000000000000006
0.0298000000000000001 0.0137999999999999998
0.0301999999999999977 0.0140000000000000003
0.0305999999999999987 0.0122000000000000008
0.0309999999999999998 0.0100000000000000002
0.0313999999999999974 0.0103999999999999995
0.0317999999999999949 0.0100000000000000002
0.0321999999999999995 0.0108000000000000006
0.032599999999999997 0.00640000000000000031
0.0330000000000000016 0.00479999999999999958
0.0333999999999999991 0.0050000000000000001
0.0337999999999999967 0.00540000000000000029
0.0342000000000000012 0.00300000000000000006
0.0345999999999999988 0.00179999999999999995
0.0349999999999999964 0.00400000000000000008
0.0354000000000000009 0.00320000000000000015
0.0357999999999999985 0.00119999999999999989
0.0361999999999999961 0.00279999999999999997
0.0366000000000000006 0.00259999999999999988
0.0369999999999999982 0.00200000000000000004
0.0373999999999999957 0.00179999999999999995
0.0378000000000000003 0.00300000000000000006
0.0381999999999999978 0.000599999999999999947
0.0385999999999999954 0.00100000000000000002
0.0389999999999999999 0.00200000000000000004
0.0393999999999999975 0.00100000000000000002
0.0397999999999999951 0.000400000000000000019
0.0401999999999999996 0.000800000000000000038
