0.000100000000000000005 0.0330000000000000016
0.000300000000000000028 0.033500000000000002
0.000500000000000000119 0.0350000000000000033
0.000700000000000000101 0.0309999999999999998
0.000900000000000000192 0.0325000000000000011
0.00110000000000000028 0.0379999999999999991
0.00130000000000000016 0.0449999999999999983
0.00150000000000000025 0.0315000000000000002
0.00170000000000000034 0.0514999999999999972
0.00190000000000000043 0.0580000000000000029
0.0021000000000000003 0.0490000000000000019
0.00230000000000000039 0.0475000000000000006
0.00250000000000000005 0.0505000000000000032
0.00270000000000000014 0.0645000000000000018
0.00290000000000000023 0.0500000000000000028
0.00310000000000000032 0.0594999999999999973
0.00330000000000000042 0.0589999999999999969
0.00350000000000000051 0.0580000000000000029
0.0037000000000000006 0.0609999999999999987
0.00390000000000000069 0.0690000000000000058
0.00410000000000000121 0.0640000000000000013
0.00430000000000000087 0.0609999999999999987
0.00450000000000000139 0.0660000000000000031
0.00470000000000000105 0.0560000000000000012
0.00490000000000000071 0.0790000000000000008
0.00510000000000000123 0.0685000000000000053
0.00530000000000000089 0.0774999999999999994
0.00550000000000000142 0.0729999999999999954
0.00570000000000000107 0.0904999999999999971
0.0059000000000000016 0.0820000000000000034
0.00610000000000000125 0.076999999999999999
0.00630000000000000178 0.0874999999999999944
0.00650000000000000144 0.0739999999999999963
0.00670000000000000109 0.0899999999999999967
0.00690000000000000162 0.0859999999999999931
0.00710000000000000128 0.0934999999999999998
0.0073000000000000018 0.0790000000000000008
0.00750000000000000146 0.0940000000000000002
0.00770000000000000198 0.0955000000000000016
0.00790000000000000077 0.0859999999999999931
0.0081000000000000013 0.091499999999999998
0.00830000000000000009 0.0830000000000000043
0.00850000000000000061 0.0830000000000000043
0.00870000000000000114 0.0899999999999999967
0.00890000000000000166 0.0790000000000000008
0.00910000000000000045 0.0700000000000000067
0.00930000000000000097 0.081500000000000003
0.0095000000000000015 0.0685000000000000053
0.00970000000000000029 0.081500000000000003
0.00990000000000000081 0.0704999999999999932
0.0101000000000000013 0.0640000000000000013
0.0103000000000000019 0.067000000000000004
0.0105000000000000007 0.0704999999999999932
0.0107000000000000012 0.0575000000000000025
0.0109000000000000017 0.0614999999999999991
0.0111000000000000022 0.0565000000000000016
0.011300000000000001 0.0464999999999999997
0.0115000000000000015 0.0524999999999999981
0.0117000000000000021 0.0500000000000000028
0.0119000000000000009 0.0425000000000000031
0.0121000000000000014 0.0379999999999999991
0.0123000000000000019 0.0425000000000000031
0.0125000000000000024 0.0264999999999999993
0.0127000000000000012 0.0364999999999999977
0.0129000000000000017 0.0299999999999999989
0.0131000000000000023 0.028500000000000001
0.0133000000000000011 0.0214999999999999983
0.0135000000000000016 0.0280000000000000006
0.0137000000000000021 0.0214999999999999983
0.0139000000000000026 0.0205000000000000009
0.0141000000000000014 0.0205000000000000009
0.0143000000000000019 0.0189999999999999995
0.0145000000000000025 0.0129999999999999994
0.0147000000000000013 0.0120000000000000002
0.0149000000000000018 0.0114999999999999998
0.0151000000000000023 0.00700000000000000015
0.0153000000000000028 0.00749999999999999972
0.0155000000000000016 0.00899999999999999932
0.0157000000000000021 0.00700000000000000015
0.0159000000000000009 0.00600000000000000012
0.0161000000000000032 0.00150000000000000003
0.016300000000000002 0.00449999999999999966
0.0165000000000000008 0.00449999999999999966
0.016700000000000003 0.0050000000000000001
0.0169000000000000018 0.00600000000000000012
0.0171000000000000041 0.00350000000000000007
0.0173000000000000029 0.00150000000000000003
0.0175000000000000017 0.00250000000000000005
0.0177000000000000039 0.00350000000000000007
0.0179000000000000027 0.00050000000000000001
0.0181000000000000015 0.00100000000000000002
0.0183000000000000038 0.00050000000000000001
0.0185000000000000026 0.00050000000000000001
0.0187000000000000013 0.00050000000000000001
0.0189000000000000036 0.00050000000000000001

