0.00100000000000000002 0.00350000000000000007
0.00129999999999999994 0.0050000000000000001
0.00159999999999999986 0.00400000000000000008
0.00189999999999999978 0.00250000000000000005
0.0021999999999999997 0.00200000000000000004
0.00249999999999999962 0.00250000000000000005
0.00279999999999999954 0.00449999999999999966
0.00309999999999999946 0.00400000000000000008
0.00339999999999999938 0.00600000000000000012
0.0036999999999999993 0.0050000000000000001
0.00399999999999999922 0.0050000000000000001
0.00429999999999999914 0.00449999999999999966
0.00459999999999999905 0.00400000000000000008
0.00489999999999999897 0.00150000000000000003
0.00519999999999999889 0.00700000000000000015
0.00549999999999999881 0.00549999999999999968
0.00579999999999999873 0.0064999999999999997
0.00609999999999999865 0.00800000000000000017
0.00639999999999999857 0.00749999999999999972
0.00669999999999999849 0.00749999999999999972
0.00699999999999999841 0.00700000000000000015
0.00729999999999999833 0.00700000000000000015
0.00759999999999999825 0.00850000000000000061
0.0078999999999999973 0.00850000000000000061
0.00819999999999999896 0.0109999999999999994
0.00849999999999999714 0.0100000000000000002
0.0087999999999999988 0.00800000000000000017
0.00909999999999999698 0.00850000000000000061
0.00939999999999999863 0.0129999999999999994
0.00969999999999999682 0.0149999999999999994
0.00999999999999999847 0.00949999999999999976
0.0102999999999999967 0.0114999999999999998
0.0105999999999999983 0.0129999999999999994
0.0108999999999999965 0.0125000000000000007
0.0111999999999999982 0.0134999999999999998
0.0114999999999999963 0.00899999999999999932
0.011799999999999998 0.0179999999999999986
0.0120999999999999962 0.0140000000000000003
0.0123999999999999978 0.0184999999999999991
0.012699999999999996 0.0175000000000000017
0.0129999999999999977 0.0175000000000000017
0.0132999999999999959 0.0275000000000000001
0.0135999999999999975 0.0219999999999999987
0.0138999999999999957 0.0179999999999999986
0.0141999999999999973 0.0154999999999999999
0.0144999999999999955 0.0224999999999999992
0.0147999999999999972 0.0200000000000000004
0.0150999999999999954 0.0280000000000000006
0.015399999999999997 0.0235000000000000001
0.0156999999999999952 0.0325000000000000011
0.0159999999999999969 0.0219999999999999987
0.016299999999999995 0.0320000000000000007
0.0165999999999999967 0.0325000000000000011
0.0168999999999999984 0.0350000000000000033
0.0171999999999999965 0.0384999999999999995
0.0174999999999999947 0.0439999999999999974
0.0177999999999999964 0.0415000000000000022
0.018099999999999998 0.0364999999999999977
0.0183999999999999962 0.0454999999999999988
0.0186999999999999944 0.0374999999999999986
0.0189999999999999961 0.0449999999999999983
0.0192999999999999977 0.0400000000000000008
0.0195999999999999959 0.0514999999999999972
0.0198999999999999941 0.0395000000000000004
0.0201999999999999957 0.0500000000000000028
0.0204999999999999974 0.0529999999999999985
0.0207999999999999956 0.0524999999999999981
0.0210999999999999938 0.048000000000000001
0.0213999999999999954 0.0575000000000000025
0.0216999999999999971 0.0589999999999999969
0.0219999999999999953 0.0604999999999999982
0.0222999999999999934 0.0589999999999999969
0.0225999999999999951 0.0635000000000000009
0.0228999999999999967 0.0690000000000000058
0.0231999999999999949 0.0630000000000000004
0.0234999999999999931 0.0675000000000000044
0.0237999999999999948 0.0700000000000000067
0.0240999999999999964 0.0614999999999999991
0.0243999999999999946 0.0645000000000000018
0.0246999999999999928 0.0645000000000000018
0.0249999999999999944 0.072499999999999995
0.0252999999999999961 0.0785000000000000003
0.0255999999999999943 0.0739999999999999963
0.0258999999999999925 0.0929999999999999993
0.0261999999999999941 0.0734999999999999959
0.0264999999999999958 0.081500000000000003
0.026799999999999994 0.086999999999999994
0.0270999999999999922 0.0899999999999999967
0.0273999999999999938 0.0810000000000000026
0.0276999999999999955 0.0810000000000000026
0.0279999999999999936 0.0795000000000000012
0.0282999999999999918 0.0835000000000000048
0.0285999999999999935 0.0845000000000000057
0.0288999999999999951 0.0840000000000000052
0.0291999999999999933 0.101000000000000006
0.0294999999999999915 0.0899999999999999967
0.0297999999999999932 0.0929999999999999993
0.0300999999999999948 0.081500000000000003
0.030399999999999993 0.0874999999999999944
0.0306999999999999912 0.0889999999999999958
0.0309999999999999928 0.0790000000000000008
0.0312999999999999945 0.101500000000000007
0.0315999999999999892 0.0785000000000000003
0.0318999999999999909 0.0980000000000000038
0.0321999999999999925 0.0874999999999999944
0.0324999999999999942 0.100000000000000006
0.0327999999999999958 0.0909999999999999976
0.0330999999999999905 0.0894999999999999962
0.0333999999999999922 0.0845000000000000057
0.0336999999999999938 0.0934999999999999998
0.0339999999999999886 0.0990000000000000047
0.0342999999999999902 0.0845000000000000057
0.0345999999999999919 0.0889999999999999958
0.0348999999999999935 0.0884999999999999953
0.0351999999999999952 0.0929999999999999993
0.0354999999999999899 0.0955000000000000016
0.0357999999999999916 0.0894999999999999962
0.0360999999999999932 0.0879999999999999949
0.0363999999999999879 0.0800000000000000017
0.0366999999999999896 0.0934999999999999998
0.0369999999999999912 0.0884999999999999953
0.0372999999999999929 0.0719999999999999946
0.0375999999999999945 0.0840000000000000052
0.0378999999999999893 0.0859999999999999931
0.0381999999999999909 0.0884999999999999953
0.0384999999999999926 0.0909999999999999976
0.0387999999999999873 0.0899999999999999967
0.0390999999999999889 0.081500000000000003
0.0393999999999999906 0.0774999999999999994
0.0396999999999999922 0.0734999999999999959
0.0399999999999999939 0.0820000000000000034
0.0402999999999999886 0.081500000000000003
0.0405999999999999903 0.076999999999999999
0.0408999999999999919 0.0754999999999999977
0.0411999999999999866 0.0785000000000000003
0.0414999999999999883 0.0645000000000000018
0.0417999999999999899 0.072499999999999995
0.0420999999999999916 0.0695000000000000062
0.0423999999999999932 0.0729999999999999954
0.042699999999999988 0.076999999999999999
0.0429999999999999896 0.0700000000000000067
0.0432999999999999913 0.072499999999999995
0.043599999999999986 0.0700000000000000067
0.0438999999999999876 0.0604999999999999982
0.0441999999999999893 0.0599999999999999978
0.044499999999999991 0.0645000000000000018
0.0447999999999999926 0.0614999999999999991
0.0450999999999999873 0.0544999999999999998
0.045399999999999989 0.0524999999999999981
0.0456999999999999906 0.0645000000000000018
0.0459999999999999853 0.0580000000000000029
0.046299999999999987 0.0475000000000000006
0.0465999999999999887 0.0509999999999999967
0.0468999999999999903 0.0444999999999999979
0.047199999999999992 0.0475000000000000006
0.0474999999999999867 0.0544999999999999998
0.0477999999999999883 0.0604999999999999982
0.04809999999999999 0.0459999999999999992
0.0483999999999999847 0.048000000000000001
0.0486999999999999864 0.0514999999999999972
0.048999999999999988 0.0449999999999999983
0.0492999999999999897 0.0444999999999999979
0.0495999999999999913 0.0439999999999999974
0.049899999999999986 0.0410000000000000017
0.0501999999999999877 0.043499999999999997
0.0504999999999999893 0.0304999999999999993
0.0507999999999999841 0.0389999999999999999
0.0510999999999999857 0.0425000000000000031
0.0513999999999999874 0.0395000000000000004
0.051699999999999989 0.0415000000000000022
0.0519999999999999907 0.0395000000000000004
0.0522999999999999854 0.0425000000000000031
0.052599999999999987 0.028500000000000001
0.0528999999999999887 0.0330000000000000016
0.0531999999999999834 0.0350000000000000033
0.0534999999999999851 0.0315000000000000002
0.0537999999999999867 0.0269999999999999997
0.0540999999999999884 0.0354999999999999968
0.05439999999999999 0.0254999999999999984
0.0546999999999999847 0.0325000000000000011
0.0549999999999999864 0.0250000000000000014
0.0552999999999999881 0.0309999999999999998
0.0555999999999999828 0.0264999999999999993
0.0558999999999999844 0.0359999999999999973
0.0561999999999999861 0.0250000000000000014
0.0564999999999999877 0.0290000000000000015
0.0567999999999999894 0.0219999999999999987
0.0570999999999999841 0.0229999999999999996
0.0573999999999999858 0.0294999999999999984
0.0576999999999999874 0.028500000000000001
0.0579999999999999821 0.0245000000000000009
0.0582999999999999838 0.0235000000000000001
0.0585999999999999854 0.0275000000000000001
0.0588999999999999871 0.0254999999999999984
0.0591999999999999887 0.0275000000000000001
0.0594999999999999835 0.0224999999999999992
0.0597999999999999851 0.0195
0.0600999999999999868 0.0189999999999999995
